0
0
-673.5
-0.0
0.0
-0.0
-1.6185499826946361
-1.841735661681573
-0.16502126673108863
0.49634301091010213
0.0
0.2813619819167832
0.682383593764613
-1.3011650142957707
0.6556733414744307
0.277330367243935
0.9873866652574396
-0.6080501890264624
-0.9172063729217333
0.05326563543037088
0.00780049800847149
-1.115250820261025
0.0
0.0
-0.9516123880418283
-1.3626127498930602
0.1267268482661722
0.5037747813821852
0.8425018437732773
-1.227328746995259
0.8179094209890462
0.7024085956033042
0.0
-1.9931301883720116
-1.4938932831598757
0.31968917766108074
0.0
0.0
-1.0508301281249306
0.0
0.477456188627541
-1.0539490110437435
0.12824491229466672
-1.5009861765082984
-0.0
0.042009226966375435
0.6056092523348139
0.0
0
1
-818.0
-1.2746007589502204
0.7968547186031566
-1.8692018483785802
0.996239895973169
-0.0
0.7479000910862748
0.5941562202322879
0.04880463617714603
0.009458013139800991
0.21926253389670614
0.5005693359899342
-1.1962640343144966
0.4669192248800679
-1.0169690896168189
0.6123714817009764
-0.5033142653102985
-0.0
0.3086195762464703
0.9842151807512814
-0.0
0.0
-0.0
-1.260669101021643
0.9120289723856189
0.0
-0.0
-0.7080169645421198
0.5166742857285994
0.0
0.0
-0.9519408367115372
-1.9652149194436859
0.44287380782436836
0.7229580018192281
0.0
0.46459196317592755
-0.0
-1.0179766494472786
0.2243381860210779
-1.3827962938393625
0.6922506394531383
0.08675647953256926
0.0
0.6228250635098207
0.41811418553880697
0
2
-173.5
0.9274838435373689
-0.19441629376739866
0.8662634385228376
0.25514795191603046
0.9518985854362837
-0.0
-1.9368261548982066
0.0
-0.0
-1.0911904760836633
0.09206955068644018
-0.6586787654658675
0.7067279155957302
-1.289842491790871
-1.1170086713947485
-0.0
-0.04969144563251826
0.3947549959386616
0.8852496731781455
0.16816949087932676
-1.5980079574628374
0.4440327862796766
-0.5566074382488965
0.7727779620135743
0.0
-1.4554006800640198
0.948464197182647
0.2884055778282615
0.0
0.7193960987607889
0.0
0.29536979764144233
0.0
-0.48025958124050094
-1.3393271004504768
0.0
-1.2351286604250191
0.0
-0.8526954466521762
0.0
0.40158066977883944
0.2742482893417624
-0.0
-0.72649053317985
0.0
1
0
-45.0
0.0
-0.0
0.8164351665868445
0.0
0.8996287427032745
-0.9707355228593859
-0.0
0.6887126004288354
-0.04392379132282942
0.7815226739886958
-1.3164970293383205
0.8836741933834122
-1.9697419056083414
-0.0
-0.05305315959962009
0.02328567151951877
-0.8654435136741195
-1.752359486492248
0.4278490895191255
0.6527241711359032
0.6616291104407698
-1.712865635084572
0.13273507002159757
0.0682027830454307
0.0
-1.9870965964802152
-0.0
-1.12285051455098
-1.8836955561055349
0.0
0.11111951223655325
-0.0
-1.2740437650348295
0.0
-1.6094648240509555
0.6971664295802134
0.0
-0.4305633900358137
0.8613573642186982
0.2931950218413293
-0.0
0.0
-0.0
0.39813676133463605
0.0
2
0
-422.5
0.0
0.026268019541111354
-0.9339895015351887
0.32766393987728626
0.3311132696985609
-1.1118330468920055
0.10707989562784426
0.5756567999606085
0.6561363837130201
-1.117303132183599
-1.718780264703177
0.14417478793947403
0.25771698846518
0.21379139952196613
0.0
-1.4257714681568525
0.5940938129736978
-0.0
0.30679093680900194
-0.03677917436353373
-0.0
-1.6683074915926417
-0.3511767407867772
0.0
-1.7089495163193416
-0.04104361959432201
-1.5758714593040892
-0.18100325572582987
0.4296697549510894
-1.0249066506031688
-0.0
-0.838187843555633
-0.0
0.11669675930508405
0.25239742298254375
0.14778751601306617
-1.7915864855535906
0.9618340816006912
-0.07705996263615933
0.0
0.15836996568517703
-0.0
-0.8329537825956641
-0.0
0.0
2
1
48.0
0.908423557309646
-0.0
-1.6651529303126114
0.9593907725320879
-1.9248056504666327
-0.5046375484019435
-0.0
-0.0
0.29344281355946156
-0.705012954624385
0.08828892416516598
0.3604802892870109
0.4777045669410195
0.0
-0.5327989432377318
0.10338459518426335
0.553998631121446
-0.0
0.3700702201776358
0.005932088117805656
-0.18074118175985776
0.8813295400933979
0.0
-0.0
0.0
0.3977471890596902
0.08927878474354456
-1.0504419210471632
0.8523590775440456
-0.4842065972813837
-0.23884483745802643
0.9114567473837826
-0.0
0.9851494851285696
-0.08280196849572807
0.8141366193205639
-1.4094200277618518
0.0
0.5459938156991061
-0.9260484654005275
-0.0
-0.7823312774654474
-1.0468486991709272
0.7821879325791701
-1.7604351739182134
2
2
185.5
0.0
-1.4116096380325325
-1.466731543614559
-0.6869762420142806
-0.0
0.8529965798983073
0.09776998517875457
0.7562151301024044
0.28878613248145346
0.3535478563498302
-0.2542268094223461
0.0
0.783485660484136
-1.310875010321707
-1.3733323874434564
0.0
0.651045443311865
0.7047258032583336
-1.4306939288790401
-0.6424264825963025
0.09651011230534035
-0.0
0.9376064841587008
-0.9175183215265047
0.9948168048895903
0.6098768320431833
-1.258279444019805
0.0
-0.6694655350843455
0.7040839672265229
-0.0
-0.17183645081248144
0.0
0.3118197371857886
0.8526429874178199
-1.2181292957343923
0.6945480230971284
0.7853937991185512
0.3856108468331846
0.6389654726225598
0.0
0.0
0.24835629246731128
0.6310953513344707
-0.5703005361827949
3
0
102.5
-0.0
0.29846069653213736
0.44037218996729277
0.7405133631509493
-1.1063214067925378
-1.8305419042746631
0.3617052957804998
-1.4664299032520725
-1.50445182565832
-0.6979182080278725
-0.0
-0.6648066433320673
0.5196114265373063
0.5036371365350716
0.0
-0.9687931792536159
0.4695166783667021
0.0
-0.0
0.0
0.1312868919671183
-0.384917357375546
0.4209411813779843
0.14061058855844133
-0.6525164497240836
-0.0
0.0
0.0
0.0
-0.0
-0.5040268594505565
0.0
0.11442251291653438
0.07257671224772222
0.5210069524140327
0.2760848856184982
0.9154981982642705
0.26433989432400506
-0.5523830134114279
0.33595456952766545
0.0
-0.3380267328156814
0.0
-0.6568528072901718
0.0
3
1
-168.0
-1.4082144914635104
0.23120631491368326
0.8987270481941066
0.0
0.8249322518644598
0.8569490428204183
0.7751338462137453
0.5863029229317068
0.0
-0.0
0.6775937768052079
-0.03529600341717798
-0.4043044269916365
0.0
0.056231088463934764
0.8716474318913721
0.8514826895565257
0.8280759050616946
-0.0
-1.7790266890123205
0.7973997744997361
0.24377390187649894
0.8710663620539478
-0.0
0.5031245957329709
0.0
-0.0
0.36778344774672456
0.435538264691672
-0.0
0.4101820672989829
0.6231389142695828
0.0
0.0
-0.5924262669676292
0.6048254710948184
0.2487039622466669
0.6765279538455449
0.14735021483056832
-0.34972502422472984
-0.0
-0.8889249145057792
-1.7225389395407797
0.345287997440648
0.6653277799786915
3
2
-79.0
-0.0
-0.7633336960656544
0.727878013883201
0.0
-0.0
-0.7987232684774643
0.0
0.8683318920980831
-0.0
0.6133481386967923
-0.5938867063020805
0.6953291944591726
-1.522465181432036
-0.7979056196038836
0.0900366819917634
0.3331241460859169
-1.2193773368331868
0.004153971616077001
-0.0
0.23744543219970693
-0.5580282404303821
-0.5745981121336939
0.4348911774775708
0.4507217792151127
-0.0
-1.9158922001940155
-0.0
0.40930423691234097
-0.0
0.9216769955746076
-0.0
0.6655644801088686
-1.394811685085671
-1.5997811117118943
0.36129526825892655
0.0
-0.524538926400482
0.9930146096902015
-1.6545554020461277
-0.0
0.0
0.35841896234441606
-1.8610955651536392
-1.7425452466965412
0.0
4
0
-251.0
0.0
-0.07402686194726626
0.6118601613701351
0.9583397190928338
0.24482038982084642
0.0
0.19162578423673882
0.8961347287009179
0.4365220747524051
0.4167142541060468
0.0
-0.24495162096010215
0.0
0.0
-0.7516109739695624
0.6510855182698853
0.2356874031572077
0.8239886628800165
0.4266188652096695
0.0
0.0
0.0
0.0
-0.0
-0.5481458884157384
0.38740777503862545
0.9777049769614111
0.7549990298425198
0.39153900162906463
0.4223189306370638
-0.7477027997160123
-1.9272176923064577
-0.9228752259763571
-0.009052838521799944
0.0
0.2713511611223939
-1.4640785050113732
0.0
0.0
0.0
0.11620956902151935
-0.0
-0.6487969517681234
0.44521839980181344
0.13131373326479223
4
1
-147.0
0.36373575620786036
0.7725408509290961
-0.06408006073137651
0.0
-0.0
0.4567946445723646
0.0
0.0
0.17213454637198977
0.875091960881795
0.0
-1.863592309120889
-1.2951055410155032
0.0
0.36930711312597597
-0.19423771322784955
-1.6750764838883214
-0.9207237671522699
-0.0
0.48628461656238486
0.0
-0.0
0.0
0.6341954511978694
0.17078596039084237
-0.5168213657939946
-0.4089178313123294
-0.0
-1.9910291083983536
0.0
-1.4084554397269924
0.7872987313625891
0.7618136153044643
0.0
0.22876791190160384
-1.7285720475627895
0.19663696732851743
0.0
0.6466252220760268
0.0188917442696368
0.06798508780932244
-0.0
-0.0
0.7877384360255948
0.0
5
0
-603.5
-0.9952401277165882
-0.6332312251540932
0.0
0.8262911224038865
0.0
0.0
-0.1351005093112463
0.5595497427898297
0.7988053078234182
-0.9603306802276176
-0.0
-1.014751200656174
0.32187730153533367
0.14204751326074383
-0.3088445677928513
0.9454978225806414
0.6420840699021357
0.8511396690079175
0.4070657254151063
0.34677655926850304
-1.9115536869115985
-0.0
-0.7720642370764803
0.0
0.6287681142257644
0.0
0.0
0.726404628960875
0.6679425782918516
-0.6458429862102698
-1.1938928598293987
-1.0554488681960175
0.0
-0.8504573370193126
-0.2968271304511073
-0.9861950090303088
0.20585911158285097
-1.2945375713547147
-0.7544572278146614
0.0
-1.9521405302778512
0.0
0.0
-0.0
-0.0
5
1
-239.0
0.2054810770811083
0.0
-0.838853301207745
0.21514202943038474
0.0
0.39288610903028454
0.0
0.0
-0.0
0.33346559828179634
0.0
-1.8822537127424508
0.10042722712071894
0.6711056949625532
0.7824628148163008
0.25040049376956675
-0.9545620056790604
0.25610378776118026
0.3327556369652862
0.8486318698146246
0.8371995828937719
-1.9340135388085362
-1.1874655336426336
0.704007162818124
0.4599115785350836
0.0
0.14644433399097412
-1.8419064196076067
0.0
-1.1836121323004902
0.0
-1.3922690328272957
-0.0
0.6332610286816004
0.9093871377502334
0.13429384385069276
-1.696705286539908
0.19544531547495803
0.7811922888673871
0.17848298283864716
0.9599447480761418
0.5870626727277521
0.0
-0.0
-0.9926192458108738
5
2
-220.0
0.17588794000263608
-0.0
0.34330465971335267
0.20228440599003794
0.0
-0.5533409992947176
0.6294185283209727
-1.7134339432561183
0.0
-0.10543794448810517
0.47563058954442217
0.9134655438373537
0.0
0.18280863987897955
0.0
0.7300873056684134
0.9046526062176726
0.9774133846726555
-0.2119856167931088
0.12961783187611364
0.0
0.17879565796398567
-1.1040546174726276
0.8201529722023871
-0.0
-0.42031405597563287
-0.1493735507908961
0.0
0.017225976806926058
-0.0
-1.5810309962013154
0.5784750483792389
0.0
-0.0
0.5572289515393032
0.704444382547556
-0.8695199268929067
0.0
-1.1397302505674367
0.009118996644674304
0.7021178834316896
-0.7005781108307076
0.0
0.5061589104505667
-0.298693553735752
5
3
-473.5
0.0
-1.4721655137120557
0.0
0.36322047452541206
0.834049394235586
0.31783352925657204
0.0
-0.4900107944001938
0.8031104008378197
0.0
-0.46963949912106395
-1.3157339874186154
0.88185592859139
0.0
-1.4926845906543165
-0.0
-0.4109240621479612
-1.3238845967973911
-0.8462530844575005
-0.0
0.30891935885474664
0.0
0.0
-1.9616247116501704
0.6758242280886599
0.3388587574081725
-1.3935033522470461
-0.0
-0.5826646977490724
0.0
0.0
0.5953714387921465
0.9879332536220581
0.0
-0.8681428263934212
0.0
0.1859505671829681
0.0
-0.0
0.079705017987999
-1.1491355200839108
-0.7195027666498336
-1.4556462767760008
0.9218174672292825
-0.603601407739224
6
0
-75.5
-0.7412414954566607
0.15295704351120964
-0.0
0.0
-0.0
-0.0
0.8153067855937816
0.775362557500282
0.6885927064825046
0.0
0.38165355530455214
0.03025896429698227
-0.23520889288866254
0.8148887366143988
-0.9285387068609536
0.9370054619868471
-1.4529972211841025
-1.086248985181078
0.2347210122172545
0.6453740827728358
0.0
-0.211776532541311
0.0
0.500585414906285
0.5247457972260707
0.9966383367357138
-0.0
-1.4050227255180876
0.42370785996296645
-1.1148091876793946
0.0
0.15436423625571793
0.15558245000252002
0.0
-0.0
-1.1370178456404834
0.29610614592513684
0.4408306869547617
0.26053135134230476
0.9084384557790152
0.0
0.0
0.3160001502039609
0.0
0.0
6
1
135.0
-1.4471331772718468
0.0
0.6789303140556852
0.0
0.7197451161863371
0.36535739275670853
0.41622289466616336
0.0
0.6718998186120901
0.0
0.42712045834775114
-1.4568497087012933
-0.8042139397515238
0.0
0.27935198453344223
-0.6455428583033551
0.7402501177621464
0.5649740802050975
0.38228400267359464
0.24997931849427724
0.08301317118659235
-0.9100928484690484
-0.46118694488689027
0.4740460845729658
0.4849841334648761
0.6517442644621086
-1.484785145789696
-1.3695857324228153
0.3408956086072429
-0.7544767890381127
0.0
0.10948688744111157
-1.9218309124351987
0.7592563191027313
-0.7347818713460166
0.0
0.6855036913644417
0.3223794316851366
-1.5834131982212358
0.0
0.25877368854662197
0.0
0.7350873610157472
0.0
0.8241879524214304
7
0
303.0
-0.5815382006770908
0.07936833253504727
0.7070386920165733
0.2836389330122234
-1.2597368052355646
-0.0
0.0
-1.9222531919933652
0.0
-0.6175190814621078
-0.0
0.9526980133588272
-0.9931359719004357
0.516073870602397
0.14895950914902112
0.5572120806398639
0.0
0.6066417612161935
0.034823217338902146
0.0
0.6747377611797715
-1.5808167310240493
0.7284021203949187
0.0
-0.9626065230175729
0.33647602672917176
0.9515389594411543
0.0
0.0
0.0
-0.37070890534577317
0.0
-0.7112382157938757
0.8500980869611539
-1.4988308471549856
-0.17653903655108127
0.0
0.42763141852557773
-0.9271594122132047
-0.015608483024228681
0.0
0.0
-0.0
0.0
-1.8960687741266862
8
0
273.5
-0.8941210827522723
0.7072039817899543
0.8883829714371998
0.6654250902516127
-0.40649010038658695
-1.0878278327855764
-1.0729251413901866
0.0
0.9876002629079791
-1.5903191032057065
0.9757024466589007
-1.7301854128403904
-0.0
0.7513820598302339
0.7709265333438028
0.8400351333723135
0.0
-1.4613929362791709
-0.0
0.0
0.0
0.0
0.0
0.0
0.2865738218849506
0.797526584024821
-1.658078524772334
-0.7681641013765309
0.0
-0.93047880954173
-0.7299310059655284
-1.9558237576842985
-1.5601064309100723
0.043879783285988516
0.310636573514145
0.9787070179514599
0.04141042546442519
0.9279509768928711
0.9939138987639342
0.9551410182543624
0.0
-1.5858845348506212
-0.0
0.28271136202747393
-1.963482901197366
9
0
-205.0
0.48938168822549255
-1.7435528599047627
0.0
-0.0
-0.6600346630000322
0.6204109981593087
0.5956209190686435
0.0
-0.0
0.23926088415677904
-0.9151479512444957
0.0
0.03205355526471787
0.0
0.04358919000906358
0.0
-0.0
0.0
0.5890941867166755
-1.9115633374588528
-0.0
-0.0
-1.6347060378575422
-0.8791882892053072
0.0
0.07933136741650926
0.6128214928662362
-0.5581838520219174
0.0
0.8925891752507527
0.0
0.22202498002115023
-0.0
0.3627612256751688
0.0
-0.0
0.029351803146023037
0.8743898076337406
0.0
-0.0
0.0
-1.1079761872159395
0.06679434774122284
0.15647705230105158
-0.0
10
0
-521.5
-0.0
0.6171905362745981
0.2704923886829764
0.0
-1.2566740980525237
-1.9529442093211467
-0.0
0.0
0.1651255095478673
0.0
0.0
0.9671722459272725
-1.3008699300468822
0.0
-0.16338004807961048
-0.0
0.253192480837375
0.566673807542817
0.8868267429555641
-0.11637363009555401
0.33763899848982837
-1.915021302772506
-0.1790493944099445
0.4838272149110957
0.2582171499767164
-1.0355507589537072
0.9239466881268551
-0.623101109572031
-0.42662310441930884
-1.6272830286393336
0.0
-0.892861050079221
0.029167819109346516
0.0
-1.3029789205286226
0.22168202366614298
0.5381653436353812
0.08785017748115065
0.21478188426751255
0.5747637949068065
0.0
0.0
-0.19665824977302315
0.12819311117411525
-0.0
10
1
276.5
0.4256378252865408
-0.634895691881392
-1.8974445219868192
-1.3798184801992404
0.0
0.0
-0.40413160328437026
0.9444462261732944
0.0
0.9597037661138578
-0.3126416270587751
-0.6507453541512923
0.0
-1.9679300784758946
0.7711740343303101
0.0
0.9950414161461131
-0.43553559594164704
-0.0
0.19624434076586128
0.7186452789491953
0.10690861790177031
-1.2221970145070784
-0.0
-0.8917140924369522
0.8616652002130394
0.7648835934953737
-0.0
0.0
-0.30021158120801317
0.0
0.1295087930946427
0.8824454054773504
0.9469415251473474
0.7091483677802133
0.0
0.0
0.0
0.0
0.4532384693413495
0.03786180756090385
0.4988229698670633
0.9847540024415257
-0.6730961091029147
0.995143340052527
10
2
60.0
-0.0
0.3466310917034674
0.11793966082265617
-0.0
0.035311301356225844
-0.22646284410326967
0.0
0.8303926854656886
0.8912261342779642
0.14552615002645708
0.4846482138659125
0.06544356531042894
0.0
0.817702922999358
0.6489901711118251
0.0
0.8689218018457198
0.0926020376847746
0.6984326814760641
-0.0
0.715692935761225
0.7435298932576927
-1.2447196630951225
0.0
-0.0
0.9750042394965909
0.3544989054007902
-1.3812140885969275
-0.0
0.6688631191860918
0.0
0.0
0.0
0.0
-0.0
0.0
-1.8704400536323256
0.0
-1.131611701972747
0.0
-1.4381335092933112
0.12409057554584901
0.1128146629409218
0.0
0.8245140265061129
11
0
-612.5
-0.450565238012098
0.0
0.2953672713259128
-0.8755591098705444
0.20266692920991314
0.9357691309509271
-0.38581010398465265
0.35778390613583066
-0.3972979162085437
0.0
0.6460934154560332
-1.8661171928586577
-0.14368097965098403
-0.606032072313509
0.9426923553779176
0.0
-0.27747032187843124
0.0
-0.9264463610741227
-1.9737944846780104
-0.5156441807324484
0.0
0.9861577227898913
0.7649424983140491
-0.8712000606227146
0.7683938480685039
0.6371429347870963
-0.0
-0.5051691202585529
-0.21681819835055383
0.9477200018492791
0.0
-0.5005999935651451
0.7589535483138825
-0.46053622127079785
-1.4627701619410236
0.1579491427533688
0.0
0.0
0.0
-0.12143316200829779
-0.0
0.274005475967835
0.0
-0.0
11
1
-573.5
0.9830695831632015
0.0
-0.5457883396024604
0.11150914711214577
0.0
-0.2282436519766371
-0.49946476484242985
0.35124441742994983
0.7394607522191811
0.026418798052919357
-1.056848977052748
0.0
0.24947598059981857
0.0
0.5596962916557792
-0.986075260596697
0.9098341129612928
0.0
0.0
-1.3295849021509016
0.06225168715497986
0.319015729768791
0.23487475897245336
-0.0
-0.0
0.41285255387899167
0.9999643915761351
-1.6136972672470944
-0.0
-0.5983939969799612
0.7266678814597622
-1.153955628964218
-0.0
0.0
0.37227913376866684
0.6476380284441631
-0.0
0.0
-1.854397148143405
-1.1313639118014698
-0.0
0.0
0.37291300725341836
0.10927818542972623
0.0
11
2
-129.5
-0.0
0.0
0.154563340207162
0.3558163932974273
0.0
0.9336735204270811
0.0
-0.0
0.4900423029211435
-0.0
0.6861759941605575
0.0
-0.6688184629390824
0.49637738184981306
-1.931467517579137
0.06637337747196048
0.0
0.12929110343411188
-1.942340338868098
0.5724521862478704
-1.4105861667890276
-0.0
0.6992294841449831
0.0
0.6536001677375329
-1.9225573212724902
0.0
-1.0103843800582064
-1.9457681048011346
0.5402660143478931
0.0
0.8507526837894688
0.0
-0.0
-0.5536906182159321
0.0
0.0
-0.276074858184409
-1.5922390403223137
0.04067111028770953
0.0
-1.6902233377787876
-0.03906434483391141
0.0
-1.5226158231258717
12
0
-1000.0
0.772933787647543
-1.2842688248511318
-0.0
0.1665425285646004
0.0
0.0
0.0
0.7732632720510308
0.9226304194856463
0.0
-0.6590797483082775
-1.856763012569122
0.06155672163959236
0.8963334192461611
-0.511417679601646
-0.9779596520088354
0.45583460634424355
-0.0
0.9418590795941114
0.05485430261135538
0.0
0.0
0.65412408521647
-1.8073094896220794
-1.6929352870017085
0.05386253806815078
0.4138340792276335
0.4713024940421885
0.717788006150612
0.0
-0.14439842960282623
-1.858552409470033
0.2673887660761515
-1.5126766184795886
-0.0
0.47004156977197653
-1.0592399869845976
0.0
0.9103901259970222
0.8226290690749611
0.0
-0.0
-1.7615990637479177
0.7888409548996654
0.9051152754023168
12
1
-22.0
-0.8533119692309973
0.0
0.39088234697021595
-1.370794321439703
0.38517628019415995
0.3704165688264994
0.0
0.2028898119211926
0.5046952723968025
-1.738177008990617
0.0
0.8937509652410286
-0.6142537810038555
0.0
0.5474184243179889
0.062420487982683515
0.0
0.0
0.0
-1.9739651578061497
0.9473729442439875
-1.140871296777483
0.44134017748135645
0.0
0.0
-0.9184002055419491
0.19435311860255244
0.5777285105778193
-0.0
-1.1992827227659673
0.0
-0.8050862047818097
0.0
0.5996713827029331
-0.5184969639274084
0.7988525749408169
0.05103645898975773
0.21908613877979122
-0.7381115071920332
-0.0204258282380424
0.8187211875651403
0.10284090573050875
-0.0
0.4922219841812093
0.755737238392184
12
2
493.0
-0.0
-1.189575601552181
-1.866531140971417
-0.8891169691319625
0.782321421077265
-1.0687573299980082
0.2629648440006854
0.4831643660690691
0.14413670709984605
0.2984213569443155
0.0
0.48221713626135543
0.264896509476645
0.999652691944612
0.31098156072538974
0.0
-0.30435844492434194
0.5394125417405693
-1.3555821942384512
-0.0
0.0
0.856641224258598
0.6957883736309683
-0.0
-0.6053616555756273
0.26866328282412
-0.7081449320525552
0.16981591270294916
-0.0
0.5718613052522546
0.9681769929032052
0.0
-1.983161165177127
-0.0
-1.7112687930567632
0.8994600685197874
0.023131417662749065
-0.304653265124297
0.29247110122296904
-1.58892724720686
0.8894177498015936
0.0
0.8532115662125902
0.620100447814026
0.0
13
0
32.5
0.5140820521851348
-0.43475893915940866
0.42609648476294015
-0.0
0.4181285212554491
-0.977289238716552
0.9208440329986365
0.9012308788562551
0.0
-0.45153250218707
0.22797462530344137
-0.0
0.7665513055183396
0.9016452332997633
0.0
0.8872206736018782
0.5955610695835172
0.7519716657645255
-0.0
-1.7977564218410507
-0.9625125106625978
-1.6962846435869747
0.726308709380978
0.6342602115593688
0.9595250579489901
0.04220697686137698
-0.7730098280181594
-1.742016703987239
-0.0
0.19288781876236327
0.9469122455623016
0.0
0.7668447845630502
0.964507277000242
0.0
0.3883548249619643
0.5527225435157772
0.6834166829154188
0.0
-0.0
-0.28336971062448946
-1.2438612824328552
-0.5573482494822725
0.0
0.4550958986374162
13
1
456.0
0.8057639079372139
0.5911406602481862
-1.2428109683463293
0.12261517523921495
-1.8936786009368447
-0.2779760790335044
-0.9443719140482829
-0.9093870927084797
0.7595195669559357
0.0
-0.0
-1.7538154987747308
0.41042164042805096
-1.594897940217868
0.202859701564842
0.6447020706272525
0.1713940459077533
0.6560226147985114
0.08202095351600713
-0.0
0.0
0.2689623038898752
0.1523477659558975
0.0
0.5892093812505516
-1.050718380534025
-0.1349063397308733
-1.4722674316331816
-0.0
0.6848470250166487
0.9852544113880817
-0.30239035347938703
0.0
0.39867912564661334
0.33694610310239004
0.5780208798525489
-0.8806882666379338
0.01212846042679927
0.6038494864529725
0.6555874958905974
-1.6610342027061713
0.7182912955127431
-0.0
-0.0
0.9951116497628406
14
0
-245.5
0.2868573723318202
-0.0
0.6651144866709546
0.0
-0.9641279360587786
0.231252715973698
0.0
-1.4613790020634654
0.0
0.5347883619947831
0.0
-1.3730433574277907
0.0
-0.961266209755869
-0.0
0.0
-1.9310294652006594
0.0
0.0
-0.5696722227635982
-1.5177214803795904
-0.2180192216596195
0.0
0.0
0.7898774207375044
0.9714034424934971
0.36716201171474894
-0.40052705245744635
0.0
0.15434373156638648
0.13088800224246633
-0.0
-1.7577269228484185
0.0
-0.0
0.9302443218172998
0.0
-0.3182856095985931
0.9385375603459278
0.0
0.0
0.0
-0.060908091476062354
-1.0661839556676282
0.0
14
1
-447.0
-1.7720428850508836
0.0
-1.9981867076013637
0.7897930041657759
0.10084530228913802
0.9732207553789328
0.0
0.9317142031322617
-1.3322526020282486
0.6818526753759317
0.7667114147855236
-0.0
0.0
-0.23475846173416337
-1.8954410506139339
-0.3961980119388906
0.7430942709936268
-0.11763371204781203
-0.682896907217186
0.8014021859119147
-0.7317432261775292
-0.4227739946412765
0.0
-1.314089895619736
0.6371293801461955
0.014360767418480469
0.7123470447324838
-1.775157546598146
0.024322829895250475
0.0
-0.9923130697814275
0.007498080646553884
-0.0
0.9328804863605319
0.0
0.899141536967771
0.35980507774277604
0.0
-0.0
-1.12059017680573
-0.0
0.8745105483813728
-1.2401741413062002
0.9642538300856551
-1.4813619422282835
14
2
-1000.0
0.0
-1.1861965422056246
0.12463330275440265
0.9537773300051983
0.2615694619074399
-1.8788601020895934
0.7905001344920201
0.11840710098096718
0.0
0.0
0.33857949009917276
0.5758747555565745
0.0
0.5864808701524488
-1.9194609782085146
-1.0506711055801414
-1.8606148479331628
-0.9330428731322927
-0.0
-0.0
0.7467173722231709
0.0
0.0
-0.0
-0.9594358003782857
0.037779510924400905
0.07450358278984237
0.0
0.0
-0.0
-0.0
0.854849339454067
-1.9012718302169613
0.0
-0.6179036101511329
0.23981370534512292
0.45583912981114627
0.0
-1.300855368772266
0.2983948277493482
-0.5778205879215431
0.2944179806384135
-0.6991488732874943
-0.6487708617506792
0.0
14
3
-95.5
0.548388823833826
-1.4441042970566713
0.0
0.8203257278435283
0.3911339826636615
0.3756216644493141
0.977324643634902
-0.7197756316621133
0.45227637510840013
-0.7951830126842564
-1.754195624138025
0.2027913274636849
0.0
0.0
0.5307043237589385
-1.4025251651179618
-0.4688299768769324
-0.18326234937878927
-1.3761948125092263
-0.9368476619975387
0.0
0.02193257825783268
-0.0
0.15243278803098725
0.6746315122854402
-0.3479449391060012
-0.7531280177996372
0.0
0.8283311171737052
0.0
-0.5503437155723784
-1.1274258157827657
-0.0
0.8785063634481585
-1.2696797595407956
-1.4127039834696857
-0.2338052375524915
0.0
0.0
0.12757892421545325
0.0
0.022672172325206352
0.9189842438541443
-0.5458437165074967
0.1548714259372771
15
0
198.0
-1.4228046421251594
0.5751716327991138
0.7596667337359104
0.0
-0.0
0.6697659989701268
-0.8648213778824996
0.0
-0.0
-0.4987799706383721
0.6346030493056098
-1.6328720461250288
0.5130528526560583
0.9502667361461252
0.31083558459385785
0.5636439269876516
-0.9380420435906549
-0.4132636686823844
0.7056336818012018
0.23810438308109505
-0.0
-1.8689258706566876
0.7324797921099008
0.4681188279567303
0.02719855293544171
0.3290484035047012
-0.0
0.9521336720077787
0.81022584990136
0.005425790585639079
0.3466806489057699
0.11047341848310333
0.36511796954480746
0.0
0.12487602254851604
0.11594398405541473
-1.5322310741823046
0.28712542438176647
-0.0
0.5772961585526697
0.0
-0.18170490660140692
0.7876975262837843
0.8302907906168239
0.7666461847273383
15
1
-866.5
0.0
-1.8708804457814665
0.0
-1.1106579844940616
0.2100933569571326
-1.2961742300903647
0.13895354529054516
-1.0587528299707865
0.3674283328795934
0.8405318812778131
0.9093690661000463
0.2775566804634415
-0.8924010521061096
0.7347941272103614
-1.3116102289213138
-1.6456375804764114
-0.0
0.0
-1.580503283020772
0.6692849516376297
0.8811183867415985
-0.0
0.2114048460781759
0.5661758971735392
0.2345944939256358
-0.0
-0.7210626050827699
0.10312628705033389
-0.5397790720843932
0.0
0.4114625653587054
-0.12641829825120465
-0.9613489055963763
0.5290388332087038
0.30278510146162796
-0.3950643356485599
0.5292095113821823
-1.5794419808001152
0.5343935176082696
0.9497928894285238
0.22395951067405506
-0.4648896098258578
0.8682212482795812
0.1321643234054234
0.0
15
2
-404.5
-1.832118644361115
-0.9884848850772271
-1.65990157735702
0.9866393591467065
0.0
0.19706503398203667
0.23143580907178496
-1.8061819128006114
0.9760981949590124
-0.0
0.426730455022715
0.0
0.512797148475053
0.24472065663356424
0.9376259790236606
-0.5928061538412772
0.823282556888294
-1.7741881007802456
0.0
0.97412771546643
0.0
0.4541808318996263
0.0
-0.0
0.0
0.12614498612776393
0.10727193093175635
-1.2836245479855246
0.9236377428949851
-0.0
0.0
0.14674463305838725
-0.0
0.9736312167426875
-0.0
0.0
0.434399802619428
-1.261704755897354
0.9685923583782671
0.0
0.9104742735918514
0.036314808754021266
-0.0
0.17097117935553374
-1.7204571060829181
16
0
-155.0
0.4127255196884907
0.5719314731817801
0.14730655865704445
0.6827957536253181
-1.9556652125708505
0.0
-1.673370363818791
0.6623745971538845
-1.9451209768418487
0.6049133371756976
-0.3863172937928874
0.1217962234876202
-0.15349329720951366
-0.2681031461091252
-1.920715465972754
-1.1372195298293923
-1.0786537749673912
-0.0
0.10328517202134913
0.0
-0.0
0.927921018420378
0.0
0.33438316854244576
0.7244389309706144
-1.5474286845438616
-1.8630327504410853
-1.2472155602178812
-1.8946971284461815
-0.0
-1.9566605413641553
-1.3123360277228602
0.3542568675668526
0.0
-1.016926942459578
-0.5077214087981818
-1.032751375873612
-0.3605839750384078
0.7533050994341518
0.0
0.5786258303424384
0.5471728433104737
0.22763709456391534
0.14068014004220475
0.5434242507900174
17
0
-15.5
0.0
0.6447904859466328
0.13619268448438293
0.0
-0.5959020396183619
-0.480393587852898
-0.0
-1.6041593055702106
-0.0
0.0
-1.8743513162853893
0.0
0.15633263665118202
0.8532041475210723
-0.9143422592552706
0.21626612315936866
0.524849842558478
0.0
0.2424175174512504
0.09629841244559068
0.0
-1.2783916248502916
-1.8488224220878589
0.6869591986659543
0.6484587693908882
0.0
0.0
0.0
0.0
0.7721649603577185
-0.0
-1.1255323377408337
0.6385498850970782
0.0
-0.0
-1.943833074269155
0.1978404912887891
0.055834221451205424
0.3955764107772741
0.6707260583732901
0.0938018894116992
-1.0847870921536964
0.06486276183810702
-0.0
-0.20678381009717584
17
1
-281.5
0.9164393223783075
-1.2877449573778215
0.44209738783340724
0.17177395027586329
0.0
0.0
0.08572631961074373
-0.11037041180845808
-0.89113461083798
-0.32944728139206236
-0.0
0.19517252993811451
0.0
-0.0
0.0
0.9533646677582363
0.9968824480145771
0.32297564338444973
0.5414346899881565
0.19408377057946413
0.406946198165026
0.0
0.28284786793738226
-0.0
-1.9131771663984027
0.0
0.6737768123869018
0.0
-0.49723982796498656
0.0
0.0
0.6871017731065325
-1.4267840822435356
0.232067440473276
0.43015905961817413
-1.7112604582359756
0.0
0.0
0.5708293606598847
0.4559462724534129
-1.9241738534177628
-0.0
-1.4818264585582939
0.0
0.5549606012269214
18
0
421.0
0.0
0.19500838492210826
0.27641682154649394
0.5346206672493193
-0.0
-0.12158265486005992
0.0
0.6669476953022149
0.0
-0.5288147004531316
0.21705276799806517
0.5222446063236618
0.15114463409501444
0.881074384011408
0.0
0.9715251537239814
-0.06047280111142739
0.2139382446214383
-1.7311250426210507
-0.0
0.035318118615273675
-0.9549735227504018
0.9983819628889725
-0.0
0.0
-1.7845641407327366
0.0
-1.234127246259704
0.0
-1.9650559880559044
0.0
0.7482479658392903
0.0
-0.2601480519365167
-0.0
0.7091538428630093
-0.0
0.0
0.8971066378615075
0.0
0.0
0.4187030530876469
0.4158206887965884
0.0
0.6084164309774789
19
0
-163.0
-0.0
0.8012834062111992
0.3876395227739067
0.0
0.08325037664944557
0.8542914642399015
0.2676852467761498
0.0
-1.8282758270547919
0.15151637192235246
-0.27434325383504976
0.7917084060488865
0.5446252086066025
0.0
-0.09196995734766689
0.5496055980009027
0.7982652502552113
-1.0666445549452521
-0.0
-0.5675799494940681
0.6548425916017335
-0.7449560331982934
0.49857384201958954
0.5767753345857182
0.9117930776940847
-0.0
-0.0
0.8790572764127611
0.0
-1.8943206968140942
-0.0
0.61455218672483
0.6524912478889168
0.16431244266953948
0.5439291669592002
-0.15261945649991204
0.40908753172191326
-0.0
0.6632329475975047
0.0
0.7928662123180318
0.17405086774562495
0.03354328525985162
-1.061607397883579
-0.39289686647766797
19
1
-1000.0
-1.4746575546435505
0.5239878836299238
0.4461952514142129
-0.0
0.0
0.5058116125435056
0.0
-0.8608572067938606
0.0
0.890659087198133
-0.630174805972419
0.0
-0.46316326675205954
0.0
0.04852830452585222
-0.0
0.13195924370951795
0.0
-0.7335701594043434
0.015104486554612495
-0.0
0.8530755551617875
-0.2958545838576181
0.44317965514682267
-1.2479090384591693
0.7450954974769041
-0.8958729932720287
-0.3216872194300763
0.0
-1.4028148611951172
0.0
-1.321186606752797
-0.2033358097052812
0.0
0.29397379450404204
0.0
-0.0
0.0
0.4992465605023927
0.0
0.37541075607301044
0.4480133806113896
0.6331508719253243
0.009725643469915779
0.0
19
2
-253.5
-0.7953510003052576
0.9928702022007128
-1.760713440388851
-0.9572783896319538
-1.0213956957755026
0.009509106992431127
-0.0
-0.45421679174265683
0.0
0.11694296667229076
-1.6978639079197375
-1.142975819370369
0.0
0.7091863803614749
-0.5454703223427135
-0.0
0.31240870793049746
0.0
0.0
-1.4185122724631491
0.0
0.3127552090017749
0.8756511631213361
0.986554331743732
-0.0
-0.043944591315992265
-0.6966061381286653
0.6760866414838499
0.082453762862008
-1.9841074151987952
0.7730783237623505
-0.371487261058531
0.3362691168911357
0.0
0.9517061786705
0.001669762654904039
0.6862968101690328
0.0
0.2747853648295747
-0.0
0.12450287424758855
-0.8912877292007182
-0.0
0.33300490247449666
-1.3159630242204585
19
3
-158.0
0.25449183715388846
-0.0
0.9109543419546238
0.0
-0.1754795894230864
0.8656664484833942
0.0
-0.16110222194588075
0.8916642457239219
0.34096437577528127
-1.6696755677655999
0.7819279476211599
-0.0
0.0
-1.2240416753786398
-0.18312175406030173
-1.1697042955137182
-1.1705583538046271
-1.1499287784250205
0.03392918379732246
0.0
0.1577423025968674
0.8956266885762014
0.35538137091162414
-1.3157510370869638
0.0
-0.0
0.0
0.8013519642211697
0.49890598970337663
-1.0241575014940936
0.8051321689880563
0.3914003701881501
-1.7090897769798132
-0.0
-1.954541637638549
-0.3617995104414504
-0.3355031725899327
0.0
-0.7217429184075214
0.0
-0.408550974560827
0.24898822709691804
-0.7176357993589428
-0.8802271670869481
20
0
-59.5
0.47976838080820616
0.5374631198167336
-0.6202979112055819
0.3110313146450264
0.68583613329808
0.8469619903371378
-0.9278280780119864
0.12686924427018453
-1.9083691453194098
0.9619354289698063
0.09157012569295764
-0.0033040379143546295
-1.4986652344667024
0.15829529777245255
0.0
0.035454886684110676
0.0
0.09228107487870163
0.0
0.7487988767141082
0.547095593401687
0.0
0.0
0.19827845106556552
0.5276715080301108
-0.0
0.17169829846597418
0.0
-0.3540319531342665
0.608490234452287
-0.6334933146305598
0.026892462180110543
-1.733200775461062
0.0
-0.0
0.05981326288587496
0.9755772134431312
-1.0031403431250385
-0.0
0.0
0.9666116922562903
0.0
0.81032152490474
0.9429303786481313
-1.1285475336559672
20
1
-551.5
0.553430311094606
-0.3688431836694104
-1.1186704003764567
0.7685467726180424
0.9358398574382618
0.7387063480405472
-0.8918585398928467
0.25139280742915016
0.3249645055376924
-1.801358149063875
-0.5899245422837546
0.8740871499502492
0.6000341972707997
-1.4584451170450579
-0.0
-0.0
-0.9002148654860898
0.0
-0.3541993441839918
0.451964054859025
-1.1658496825888949
-0.23460054264181618
0.6093425723965398
0.14038735241368738
0.0
0.37456756422708704
0.46339859802361194
0.009389477296093407
0.622254477911697
0.9005171041465913
0.0
-0.29178547501006236
0.0
0.6987978857961857
-0.8981000283791208
-0.34869588516180916
-0.19141904695647727
0.0
-0.0
-0.3603707666158822
0.5063837614006841
0.566486341019101
-0.0
-0.11403481654128222
-1.0706897256583867
20
2
-56.5
0.06666292099307125
-1.1913972062775762
-0.5602664644946542
0.018573761597769467
-1.6233795023280666
-1.6677948701954652
-0.0
-0.8752980289211155
0.0
-0.5925142289661853
0.9475025687395574
0.9395368907876466
-1.571845900822044
-1.0581305879777054
0.0
-0.0
0.0
0.39293219680306524
0.07023710742125722
-0.3606315245141556
0.7682529755529216
0.0
0.5737166236742456
0.20625119060963248
0.0
0.8163566765114347
-1.3599088429000767
0.0
0.3164721162576599
0.35715780011005827
-0.8457695042065149
-0.0
-0.0
-1.4943691562064725
0.919931497441391
-1.3664443327336468
0.02231395601140196
-0.0
0.0
0.5695828315624313
0.5964778616454258
0.6102203121259796
0.14638344913125223
-1.075203802904574
0.0
21
0
-1000.0
0.888110306822111
-0.9227823285186204
0.6281230078792823
-0.18805512616704245
-0.0
0.6822656448007711
-0.22928001141123022
0.7334939898945378
0.0
0.9360347765103911
0.3871994495565002
0.6183825682034102
-0.12607321028762852
0.663464703956876
0.8214531338651585
0.8319554884156874
-0.0
0.6142153161683048
-0.5258221775917657
0.6226665407962353
-1.9322799591453923
-0.0
0.0
0.4422169256929639
0.33259949788100573
0.3350871552529664
0.0
-0.0
0.8038196367964728
-0.0
-1.4621890406477083
0.0
0.5971314845688468
0.3597226838219212
-1.949606492444801
-1.363784420655799
0.21021962569057906
-0.46843412987262734
0.0
-0.754215421449021
-0.0
0.11216452409160682
-1.572234878941381
0.0
0.9404701964260473
21
1
-999.0
-1.2087872786644809
0.6426664728227794
-0.3702232862607665
-1.4296773304722588
0.6362969496211536
-0.43529622940914736
0.0
-0.6724960493587473
0.0
0.7438209753383861
-1.861098977933449
0.09866956851561515
-1.2230587683359957
0.5743862708673602
0.07958666496262323
0.0
-0.0
-1.2295139608432497
0.27995771629076194
0.0
0.37918624060385286
0.6421346011878187
0.8851874718640221
-0.0
-0.0
-1.3991982369859826
0.5579278013395612
-1.3541445755432333
0.3686341221963987
0.7972274434129066
0.19190676113656557
-0.06940766869426462
0.37181409562776135
-0.2985057189474435
-0.0
0.19462813203028384
0.0
0.5049051109098399
0.0
0.0
-0.8148686665916187
0.4546580147575249
0.27968156808743394
0.866237198886063
-0.19884005631720958
21
2
135.5
0.8239331579298457
-1.4713703886080431
0.9717038798297771
0.0
0.7951613731446764
0.0
-1.9159430549730154
-1.2378149231592892
0.6636781635576015
-0.0992676388049466
0.6537221331586659
-1.8519470961906563
-1.3694726234628725
0.600203707521388
0.0
0.47939245745979997
-1.3374524393087646
-0.13815342618850346
0.0
-1.9864060677259499
0.8188689558632805
-1.397858522633964
-0.9230020976847576
-0.31333109325377506
0.6044385536616942
-0.5689689276495613
0.6964806643033591
0.7421514439860943
0.9290949781725871
0.0
0.023987764445233095
0.8035839305093168
0.41997871868011194
-1.0881522575003542
-0.0
0.0
0.0
0.0
0.8058048896567582
0.5408584915265339
0.0
0.04557240113439842
-0.6449818806319089
0.0
0.4470521875627085
22
0
-1.5
0.0
-0.3680800069536222
-1.412630395524946
-0.8324990356192039
0.9072017407779619
-1.8919516370236618
0.0
0.5152025912079984
-0.0
-1.6331942517261953
0.8419370622514193
0.0
0.0
-0.18539523500445276
0.7504252697000149
-0.0
-1.7286619853625593
0.0
0.26532074238511705
-0.9599325985575261
0.3483091191060167
0.7609703866414601
-1.0456777401066915
0.3177161872530243
0.07490559832311816
0.0
0.0
0.0
0.14349552885028805
0.07889718819040203
-0.9484501438062128
0.0
0.15548261637636052
0.9688552566615625
0.12584759240385945
-1.663329204674774
0.0
0.4836865629202647
-1.3558676296788443
0.7343516785590943
-0.38602348963796884
0.7917280137868912
-1.6150388921114374
0.19443683353744312
-0.0
22
1
-21.0
0.13858149796824737
0.2940348764930417
0.3324197423677612
-1.163829083178268
-0.2029480778271242
-1.606756359959772
0.0
0.0
-0.03094243567242594
0.0
0.0
-1.0443682887143946
0.0
0.10212620061761324
0.0
0.17483662493016838
0.0
-1.7450934700162843
0.5721206469063209
0.0
0.5669249359701976
-1.3429334929942942
0.8533652409680137
0.28449796697305607
0.4232621647154782
0.0
0.0
-0.07324558358520372
-0.0
0.0
-1.4821928467551464
-0.0
0.5134645994069917
0.14116686235337939
-1.6159910447522432
0.7969897940063205
0.8654196156620839
0.00568241737723274
-0.0
0.8843504765146524
0.509443683182018
0.0
0.4318601594263085
0.026505487670696715
0.37207464509586363
23
0
-55.0
0.1494169411628472
-0.0
0.47759815634828506
0.002462767146935052
-0.6156634704067143
0.0
-0.1670265936588642
-0.5879050250142192
-0.7556602481483083
-0.0012091534362564937
0.3585148091826712
-0.7005086849228314
-1.55140379364321
-1.0767776490226937
0.0
0.8550823667328503
0.49804933336999346
-0.6008489060417496
-0.0
0.6178062926108598
0.41421236244885007
0.2505428383996754
0.5077191198414674
0.11951638606469261
-1.4769183144934872
-0.7687983451778105
0.7615099417999219
0.0
-1.0657297655190858
0.24818708162234648
0.0
0.46256133994792936
0.0
0.18636968326162606
-1.7856670874653244
0.4665204005432396
0.48796682372615263
0.705697020055634
0.0
-1.1485190236335479
0.0
-1.0730031204892114
0.5682009187942394
-0.1922466372536744
0.0
23
1
-211.0
-0.0
0.2963926479278245
0.0
0.0
0.2619955960196009
0.7004840388942906
-1.0039117686866244
0.0
0.7759634838404904
-0.0
0.5251852110998376
0.35566359321983587
-0.3445160914311368
-0.29836727961620224
0.7682301454175527
0.3897606384055964
-1.7610260810054903
0.37830409774460716
0.7568974061172999
0.08588604503637287
0.8019967608165327
0.7041503247628188
0.2900205376921261
0.05059086453530759
4.042388025163879E-4
-0.925492842508365
0.3055354693616761
0.8778680346904917
0.34867062478453326
0.3615105546380556
0.4588345329415615
-0.0
0.0
0.7777905573606504
0.8044116020312795
0.2073393028519619
0.2319084545177026
0.19095267243570646
0.8263128291238271
0.0
-1.3153996305861106
-1.7672505718118936
-1.6822103668042672
0.0
0.504979612434483
23
2
278.5
0.1848067079250746
0.48961968119956845
-0.0
-0.0
0.5343599665906014
0.9491254074373351
-0.94528433433256
-1.7621391069067052
-0.0
-0.5125687055359383
-0.6847603883671408
0.840203892319353
0.0
-1.5385926097780396
0.7377400741542792
0.020326099608920734
-0.0
0.024543835011723747
0.19273305594755819
0.0
0.0
0.9187532808094403
-0.23105019848974084
-1.5470896031580414
0.0
-1.5981635737778155
-0.0
-0.0
0.13254634049700043
0.7118089429906996
0.19156201612637658
0.46051147556388505
0.4675012522101395
-0.7776331204811514
0.00693514348565305
-0.2893281757880286
-1.9240851694306726
0.5655341584493045
0.39994783535554623
-0.12682872968813164
-0.0
0.7119079647900548
-0.0
-0.8666932472661067
0.6576283603816461
24
0
-248.5
0.0
0.4266133217463203
0.9201944725447251
0.49019242985637446
0.4905945127780694
-0.7022169646643849
-1.228688168210034
0.18308503226907225
0.2630197192215
0.0
-1.7541090055182926
-0.00613197063518689
-1.7177000362634867
-0.0
-0.0
0.0
-0.8877473399988256
0.24735958030709082
0.101328437937941
0.8084179661517252
-0.0
0.5487412123377168
0.0
0.026587275627332985
-0.9081019701049078
-0.0
0.9638205930832356
0.0
-0.11774203982342735
0.016285415557866334
0.0
0.17917450197627804
0.041754430391678365
0.0
0.0
0.42545001077711087
0.5049951745548211
0.5382518570162504
0.11790854872110057
-1.3785633277357272
-0.0
0.0
0.0557543611661141
0.08143316959390345
0.0
24
1
-711.5
0.5908682508257596
0.6480264057745739
0.24451079802389064
-1.4069480553822364
-0.8368853428095211
0.0
0.0
-0.0
-0.0
0.0
0.46177371156985214
0.29934346650969423
0.5726546290472192
-0.0
-0.05264152830295765
0.0
0.7090674386934084
-0.20330661059506472
-1.8303890025206448
0.3519748577327434
-1.289497619725418
0.761025607012585
0.4849734328884069
-1.4334509994677247
-0.030338895202693172
0.8457731945893044
0.0
-0.0
-0.0
0.0
-1.856139618537987
0.0
0.4323247703823031
-1.1812615275927496
-1.169403110556505
-1.092780876737842
-1.8664135179749057
0.6671391220265324
0.9668853985744222
0.5810451198979747
0.5509474206513875
-0.04188601900549771
0.3013198637897425
-0.0
0.0
24
2
-526.0
0.0
0.0
-0.15982390319003492
-1.4777364260475103
-0.26927696817249425
0.0
0.0
-0.6396803978848813
-0.7022478069655008
0.4359467506012493
0.13375478720469147
-0.7935627203077652
0.7242639888124045
0.3375090470223796
0.0
-1.5642102997510245
0.08925833298166364
-0.11602859317987069
0.6652918135660928
0.6970884480396257
-0.3940116568205462
-0.0
0.0
0.0
-1.368396101813445
0.0
-1.7494484624124702
0.9745513001164883
0.3840374941113014
-0.1614375642417144
-0.2695648333884706
0.48395781735164434
0.6392335951604632
0.8970576752067956
0.851267234863611
0.0
0.7570193685092593
0.9548528582830841
0.0
0.5628293400716587
0.5767103324986106
0.6153582428856885
0.6224573327004849
-1.3116339847992062
0.0
24
3
-249.5
0.6148753278261528
0.0
-1.4284225665838068
-1.5980266726230372
0.21436775409652165
-0.6187216642483423
0.0
-1.262025154844172
0.5115174318137009
-1.1240328016847898
0.0
0.5148495511431979
0.0
0.1286369560797348
0.2344624394401027
-0.0
-0.0
0.24276363806490775
0.0
-0.0
-0.0
0.0
-1.7926025089134556
0.3570339699337728
-1.9246069421220615
0.0
0.4546746205566766
-0.8060581144016102
0.629322862449046
0.0
-1.914881097439399
0.430750679813073
0.0
0.0
0.29049231110096385
0.07515898284130829
-1.6936301559217002
0.6721852955041542
0.39030041527189374
0.0
-0.9740997802777118
-0.35059029878151515
0.0
-0.0
-0.0
25
0
-438.5
0.0
0.0
0.8127160960737508
0.18804109218158072
-0.8127800399308939
0.8887145072723739
0.0
-0.3377236105984729
0.0
0.0
-0.3754543190213009
0.6992861269980033
0.0696343123408637
-1.0967842035214868
-0.0
0.0
0.0
0.8019752832532092
0.0
0.0
0.0
0.8286095342325904
0.19651497447734834
-0.16908014592663934
0.0
-0.06599280661259677
-0.0
0.8860534429972031
-1.3339252090415332
-1.1154622900485855
-1.2006846233294195
0.5710073345388904
-0.1463524165046226
-0.0
0.45843897432627734
0.0
0.6195180941375977
0.0
0.19292821691599493
0.0
0.0
0.9147516273407432
-0.45075486068346415
-0.32554004655283697
0.13819511213926305
25
1
85.5
0.25609404829277327
-1.1250147828348278
0.3338651197470395
0.37978034154979756
0.5265943794715299
0.0
0.03746843847253012
0.6573488546813092
-1.4823906301424463
0.5379956501550729
0.0
-1.2164988253573474
0.8955110469262866
-1.8320815312227596
-0.0
0.9724961753335027
-0.0
0.0
0.3360442675563352
0.40424498398080566
0.0
-0.5564206389141042
-0.0
0.7996061052208518
-0.0
-0.9277466387615156
0.652224937499072
0.6601553871454166
0.859416294395079
-1.2162856383141651
0.0
0.8593854744733791
0.0
0.0
0.2642965693837154
0.0
-0.9902430004119317
-0.5812677905124971
0.0
-0.3440772807444823
-0.36292929078571334
0.0
0.7931252220870714
-0.0
0.16323017382368077
26
0
-145.5
0.39597569600824556
0.48056543315802525
0.7227616313868133
0.07014144694270896
0.7363258016748049
0.26754471559535864
0.0
0.3760919968152935
0.10845018820584906
0.6163020856866762
-1.619230819439622
0.0
0.36298086423969056
-1.3712751964454255
0.0
-0.0
0.8460052073257911
0.7930010613665895
-0.36854775567469333
-0.0
0.6926090391722363
-0.0
-0.289435420001682
0.13361350298830865
0.4626793357778366
0.0
-1.671511196503531
0.5290714972829622
0.960671631787293
0.0
0.0
0.20004793504362894
-1.210944730844965
-1.4572826493887616
0.509492142997158
0.5021544700495443
-1.7005925628817609
0.6556528283654903
0.18738329434874945
-0.9003363128390296
0.12563479628886998
0.0
0.0
0.0
0.41055931477370566
26
1
-241.5
0.6107143884285342
0.0
0.4266074463186217
0.0
0.0
0.9503823189780922
0.8115894708221
0.9086446382757504
0.441690201377271
0.0
0.5291583121678415
0.8724951022439981
0.03997754460643799
-0.899549806080646
0.19214462314437242
0.585926840162116
0.3028719304255545
-0.0
0.36467997512399575
-1.3608227237386925
-1.0822842868362859
0.0
-0.5801618143860587
0.7173065500389865
0.959799685408792
0.6681248267374372
0.0
-1.5000571785292522
0.15128720622321945
-1.9295441960129263
0.5708190048293567
0.0
0.0
0.0
-1.2653472700232868
-0.8451132021020963
0.974694802631225
0.7399387704543174
0.8797325567044779
0.0
0.0
0.0
-0.0
-1.6972840534557483
-1.7801495339064248
26
2
49.0
0.78601978819243
0.0
0.7731682973248514
-0.36140297017438083
-0.0
0.18943522218246356
0.5965486552337242
0.1451197404818464
0.5768493138661797
0.45303162147277154
0.0
0.1774229057149873
0.8475847663141625
-0.0
0.864215237242091
0.8296305828061684
-0.7789759337563523
-0.861407960386851
-0.8778596278158963
0.5254627894310322
0.0
-0.044887583039506906
-0.4151314054495747
-0.0
-0.0
-0.9534080222984448
0.508752748882393
0.6372513889819129
0.19325609199815108
0.0
0.0
0.5273583520306696
-0.0
0.9842479500542121
-1.5781467073680817
0.7213930076074662
-0.12605919616808936
0.033147618505141474
0.6282982918328861
-0.8483770116222304
0.9087101462041618
0.0
-0.7960208344433941
-1.3464869228745848
0.3977032797305231
26
3
-408.0
0.0
0.6092324717588071
0.11936176488001515
0.0
0.0
0.8446771439216834
0.9551828781735197
-0.36652209388846135
0.6926437219873128
0.0
0.9250446745447057
0.0
0.0
-0.0
0.7028222541981486
-0.0
-0.5034463361423432
0.5030395494488289
0.012260714036063325
0.7372085524863209
0.4563394786660625
-1.9030748368205754
0.21292494375352966
0.7123860372791337
-0.7218806174755459
0.895638307084389
0.0
0.8819119791699274
-0.0
-1.4618059141679471
0.6830027882944639
0.3296206121935643
-0.0
-1.7653579430158755
-1.3489592048973722
-1.6719567636786332
-0.8077370285445121
0.24759145266263938
-1.3672776042950556
-0.23070813362466458
-0.8591376694748883
0.7350156692685128
0.0
-1.1951672031156226
0.0
26
4
375.0
-0.0
-1.8970079619300704
0.06282721200535579
-1.3123557296434873
-0.922397453222756
0.09240193038047995
0.0
0.49826587574943515
0.9775876759336762
-0.46983051767855566
0.58687847352876
-0.0
-1.163085933033075
0.0
0.5180000302141354
0.0
0.0
0.7790170169633518
0.09072313059502035
0.04308975583838348
0.47157117853963526
0.7752694522958276
-1.2643012732332208
-0.0
-0.3562126519125084
0.0
-0.4283041272879653
0.44886874210032723
0.6674750585730048
0.0
0.13944883427432664
-0.0
0.2896731430798364
0.9385959318642552
0.20901529373586913
0.6686711659753604
0.0
0.0
0.0
0.0
0.2655025261662316
-0.1734716189115698
-1.4579380988117623
-1.2376840577384782
0.10598620534672687
27
0
-25.5
-0.0
-0.15814433739996192
0.0
0.0
-1.0032822692270562
0.6440235786358669
-0.7197274251144835
-0.5616877957036069
0.0
-0.1797289570837407
0.4448532910474122
0.0
0.11352022055502764
0.0013589010193144624
0.0
-1.0610663921822612
-0.9956043468101893
-1.773652618466357
0.5515282610759937
-0.0
0.0
0.0
0.5218339941158057
-0.32159300911220057
0.0
0.0
0.0
0.0
0.0
0.0
0.2115425309307708
-1.3576332563294566
-0.6476982404626188
-0.0
0.9854684411498559
0.7633162357686948
-0.0
-0.0
-1.1149185001199884
-0.0
0.6498924041817703
0.47414879057541803
0.4041899662992049
0.9787536950425082
0.6764102100323496
28
0
-797.0
-0.0
0.17433325021549384
0.11289539024139605
0.0
0.9857492122806739
0.0
0.0
0.6177083365754773
-1.5049064035454869
-1.4747178753351298
0.9574217023894248
-0.19198974736787455
0.0
-0.7481915188226993
0.0
0.12433179560873708
0.3241832059426527
-0.0
0.35454527327286744
0.0
0.6880284583468913
-0.22764982331866124
0.7643839390999378
-0.39103886607765126
-0.5400140487817627
0.0
0.7685485246450183
0.38503689347146175
0.40562907689217265
0.0
0.4280243136379267
-0.0
0.0
0.1668024723188849
-1.055939189764409
0.0
-1.2450824995124636
-0.0
0.0
0.7117103001252315
-1.024338121660477
-0.5838777111535832
0.31347223465570606
0.25960489405862675
0.23385843611010793
28
1
-446.5
0.6421630078174633
-1.5916004595941726
0.0
0.7825913194894554
-1.6065566969382128
0.8610913726638794
0.17999392840828132
0.0
0.0
0.0
0.24259714989756542
0.0
0.08903184000989028
-1.570530846989375
0.875785064976971
-0.8979850372856871
-0.02044463010924813
-0.17407214285545614
0.08177728522715955
0.0
-0.0
-0.0
0.5280278995362183
0.3786518930785072
0.0
-1.253241902522577
-1.5596148517549209
-1.1991439663950225
0.0
-0.5102495522765872
-0.0
0.7776392698014947
-1.1803521415925564
0.1973707719584621
0.5801599957763243
0.0
-1.600499473058561
-0.0
0.4130972411218752
0.5980559945349719
0.6138376762050166
-1.9462779302516817
0.0
0.8728264299892778
-0.35828708278307675
29
0
-519.0
0.0
0.08623687402769897
0.7265424607768882
-1.5105020172820653
-0.25730265443155875
0.8236333730834814
-0.0
0.0
0.8087618846991463
0.4965473785019979
0.0
0.42783242148262524
0.8138873689092492
0.0
-1.6458161576209354
0.36659049355913065
0.18975135436678725
-1.926996733306985
0.792404645414873
-0.0
-1.684578594374619
-0.39072489750197814
-0.0
0.0
-0.31945935049627605
0.0
0.0
0.6429579240700016
-0.4872181580792708
0.0
-1.0078091986623618
-0.5812284729490569
0.8811975752489053
0.5557105970589794
-0.5663494995244345
-1.5903251350874523
0.0
0.8073601701533415
-1.6130554399305173
0.16845144186893113
-1.0301286001879355
-1.9577544426355626
0.0
0.22871675919488565
-1.4609185663796302
29
1
20.5
0.4279760705349427
0.16482408081658895
0.9468439191734656
-0.2935864446437948
0.0
-0.0
0.8666684766181585
-0.5217130684996165
0.0
-0.54334861735853
0.7827185754641829
-0.0
0.36641299594628773
0.9513577570709473
0.004191205913050777
0.05688126329194765
-1.1124353503492097
-0.8989932160158632
0.9175587057001218
-1.1239453249214173
0.0
0.0
0.5192369421441438
-1.4873917431896568
0.4836491896036428
0.0
-0.1410648560143265
-0.884089554609712
-0.26719853258626725
0.0
-1.5816477532790196
0.0
-0.7908086839991615
-0.0
0.5976814738611413
0.3893256406445944
-0.44552812634726624
-0.0
0.5437179080112531
-0.7842942358911827
0.0
-0.0
-0.5554363820755905
0.4332476226106362
0.3351982893160963
30
0
-1000.0
0.48368628991098783
0.3181616487892096
1.2883506863237137E-5
0.07047605010344504
-0.46331682725700274
0.0
0.7711417009531671
0.27981606297485195
0.0
0.0
0.3409452491621121
-1.9598833051006372
0.0
-0.0
0.0
0.3629280877908164
0.3207749051659332
-0.0
0.9042160350574407
0.5665022414765846
-1.1953346553475808
0.32416719055829535
-1.6985835220533607
0.0
-1.530043235744598
-0.1107697708179356
0.3916412912130668
-1.2087945006364715
-1.7403922704644312
-0.0
-0.44349908031192287
-0.6698371267421555
0.0
0.4309846257343726
0.08429637664892442
0.26943133133044317
0.8968997454689005
-1.4337708726194336
0.7273951369806744
0.7282521851085058
0.9717152474297417
-0.0
0.76152275000747
0.0
0.6951869130308256
30
1
-1000.0
0.8481711137802768
0.0
0.12809637416186204
0.2829718237168447
-0.0
0.36183555857044425
0.9788691110409817
0.0
-0.0
0.6792466201564983
0.7658152809052013
0.0
0.6948134458566545
-1.8635861675860665
-1.6247342668887965
0.16185766122612721
0.04486875865670459
0.0
0.18720304879930383
0.0
0.6604489917600461
-0.0
0.4605711531676454
-0.46463137002850685
-1.1525602151113792
0.21369867358197658
0.0
0.5246889792550468
0.0
0.13322640424776833
0.0
0.10844668616506892
-0.7776314119727011
0.7698126843331174
0.8790754143980558
-1.3428611833665256
0.016665826800331462
-0.9778661769174328
-0.3278780147046142
-0.24191260725084374
-1.4470801135980462
-0.6715730310966913
0.8889206993516501
0.0
-0.0
30
2
-235.0
0.8038684358604526
-1.4963450707913282
0.0
0.0
0.0
0.0
0.0
-1.2367379888061474
-1.4505237173584293
0.0
-1.0389556843646333
-1.5920103914294985
-0.31390529561693215
0.9825716887879871
0.5551731597843542
0.8248078820111223
-1.8355125279291002
-0.6518274249587533
0.0
0.7669902456125408
-0.2550852584363462
-0.63564926359125
0.0
0.16523738856407255
-0.0
0.0
-1.1500777653022998
0.5590094834442334
0.0
0.0
-1.7016107250374604
-0.531823967190755
0.0
-0.038637613997724585
-1.8863686367742076
0.20010767975703236
0.0
0.23245643977609753
0.0
0.04067301707721038
0.0
-0.19394403490145717
-0.09560402885423658
-1.9387504164892566
0.533290963284412
31
0
-328.5
0.5674621542908044
-0.4882570224263264
0.1878186064235735
0.13457779892045563
-0.40198582934622173
-1.3383335708410184
0.0
0.0
0.8441851307339052
0.5468407392625456
0.0
0.6024939141363937
-0.6312491171099993
0.6486206574072786
-1.1857365777554834
0.0
0.0
0.0
0.0
0.0
-1.4409802128772742
0.17676927698682132
0.7112282273157517
0.19873191441223137
0.997454101151861
0.5571590650604618
-1.3591999733192526
0.0
-1.2643383050949137
0.0
-0.9501273085681491
0.0
-0.8521297554753571
0.0
-1.8454019772170596
0.3689608892715067
0.0
-0.0
0.0
0.8636490239858029
0.04622673369019281
-0.474807585578639
0.9427534466511148
0.23228902914994265
0.13213684257496117
31
1
26.5
0.18739874318160754
-1.3764918866381195
0.3937924833197949
-0.9098031279020515
0.34821270369553947
0.0
0.0
-0.0
-1.3865601865910915
0.0
-1.7214586062585333
-1.6883414558114231
0.8679224867467656
-0.0
0.19436909427480642
0.0
0.45333244661310357
0.6698678953399487
-1.8488270518713605
0.8857551929622643
0.4475999281594548
-0.0
0.05986865687179832
0.0
-0.0
0.3658777743852487
-1.1250461926632411
0.0
-1.6980520331731592
-0.597819951479565
0.0
0.28301548660271214
0.40809709844094477
-0.04083264924597041
-0.0
-0.0
-1.095715134548536
-0.5772693902513446
-1.323314554627454
-0.0
-0.05514144903732465
0.3298645169658685
0.9696929025235053
0.47832938276523806
-0.0
32
0
208.0
0.8478070521813029
0.0
0.0
0.0
-0.06978633344777085
0.19051755550227922
0.0
0.4189155425444584
0.0
0.0
0.9580307450654737
0.14154779559619002
0.0
0.07424383009303981
0.0
0.8445500101513722
-0.0
0.0
-1.759066462845965
0.3863069136181855
0.07808106132546067
0.24968713672489984
-0.9386130010895117
-0.0
0.033386818844281074
0.7249485038813377
0.39351818604724864
0.14473157566360384
-0.0
-1.5259905707846833
-0.0
-0.7780861767324369
0.32280714172417124
0.0
0.0
-1.674212502322599
-0.4640000422217677
0.007184061026107913
0.9824543224363484
0.6630573297298402
0.0
-0.0
0.0
0.0
0.0
33
0
0.5
0.9140641204763221
0.782495503204779
-0.7573297746292339
0.3151857891436569
0.16497661554738707
0.824376266931858
-0.9941183877893833
-1.677691706781211
0.8169322724061525
0.7002388965285536
0.0
0.0
0.0
0.0
-0.7507876512719708
0.27080361476722115
0.5937381189681213
0.3840974117330269
-0.6807629517255317
-0.9118531638714099
-1.4347537927140679
0.6175443711712085
0.14550549370908583
-0.0
-0.17601900873614473
0.358309556739541
0.34814411015166236
-1.5092722613510778
0.1239813562562353
0.7517328891549345
0.9381335895904029
0.7243405584822481
-0.0
0.29528026045682154
-0.5035193276562302
0.0
-1.2980267492038733
0.0
0.30168773998218024
0.8910456624918022
-0.011317368871277655
0.05089504233484543
0.0
0.0
-0.0
34
0
-1.5
0.3049519478238565
0.0
-0.651090594882876
0.006917573402331678
0.0313941146397948
-0.29734842227766156
0.0
-1.64404961216212
-0.0
0.0
-1.6283190785616442
-0.3019187062954868
-0.0
-1.1587978203743812
-0.0
0.0
0.12495221916849308
0.0
0.7385977490230042
0.0
0.8764286302313298
-0.5543974045007767
0.0
0.8133966083640982
0.1398955350634622
-0.0
-1.332773753400785
0.0
0.04481296793349121
0.0
0.04458788846225925
0.48217188307489967
0.0
0.0
0.7703060656885479
-0.3780314437636718
-0.0
-0.0
-0.0
-1.3475506559278432
-1.338865916642937
-0.0
0.7889158280754291
-1.0493805488467647
0.0
34
1
0.5
-1.690235225299219
0.0
-0.13125585831893827
0.17482462401027832
-0.8125115239453988
0.0
0.2536577957385382
0.7420529464411852
0.9540224808323822
0.27227180339037504
0.356046972875951
0.0
-0.0
0.8339597900860762
-1.6343942269578249
0.589197843874599
-0.834032735264075
0.7975917779804753
-0.13619895804744908
-0.6076225860043779
0.9516877584973943
0.0
0.220621113233042
0.48954260191256593
-1.3062157025732404
0.7320052300704007
-0.5477812025101633
0.3503540839097349
-0.344860185491796
-0.4789537457961325
-0.4530509821487635
-0.04398708551250041
0.02068455200318353
0.24487242627490668
0.0
0.08520576897869281
0.0
0.6915825732274379
0.9660406867446216
0.0
-0.0
-1.7077569109936825
0.5685948953530673
0.0
-1.0253770860654376
35
0
0.5
0.4128678657979099
0.2324030090321778
-0.9896415740222945
0.3427947782186084
-0.0
-1.5411316372830348
0.0
-0.724990321740017
0.0
-0.16896406879450132
0.0
0.3151949559291477
0.8509761538673526
0.08981486402011318
0.0
0.03623839671409368
0.0
0.7855894663171614
-0.0
-0.9808562968373755
0.11162752193992442
0.3918314412774182
-0.23320263934300267
0.18078330289866684
-0.37920150045890866
0.0
0.05155740938604492
-1.1667284679232406
0.7140935089970016
0.2823661723501346
0.7277548809070257
0.09292114564923337
-1.261212247297017
0.0
0.9948271798049962
0.0
0.2995170206105453
0.0
0.0
0.0
0.32254634771806157
-1.4245139382149143
0.5820241383051921
-0.8324609459037182
0.0
